Data;50ZI001/COTA-DIF - Displacement (mm);50ZI002/COTA-DIF - Displacement (mm);50ZI003/COTA-DIF - Displacement (mm)
11/03/2020 00:00;;-3,922821113;-5,004996089
11/03/2020 01:00;-0,118314068;-1,887908063;-4,718897793
11/03/2020 02:00;-3,763446297;-6,259894718;-3,450849077
11/03/2020 03:00;-4,352861305;-5,923780955;-3,307632238
11/03/2020 04:00;-4,846487731;-4,216330415;-9,00824307
11/03/2020 05:00;-6,830828505;-11,7302578;-11,97635936
11/03/2020 06:00;-10,6877392;-7,874806437;-10,30740235
11/03/2020 07:00;-10,31635558;-12,9561233;-8,782517378
11/03/2020 08:00;-9,227751093;-9,473479196;-8,637956402
11/03/2020 09:00;-7,310611821;-11,27577096;-7,234312416
11/03/2020 10:00;-6,477767116;-11,8824894;-6,3093997
11/03/2020 11:00;-7,881053643;-12,14672456;-6,561522884
11/03/2020 12:00;-14,11215248;-21,31983923;-15,34966029
11/03/2020 13:00;-9,873928454;-23,20759657;-14,08888803
11/03/2020 14:00;-11,00753684;-11,2247945;-7,460167211
11/03/2020 15:00;-5,051567461;-11,2996884;-10,01719362
11/03/2020 16:00;-7,549877493;-8,465765073;-5,252047024
11/03/2020 17:00;-9,627690576;-12,56917526;-8,654994166
11/03/2020 18:00;-5,61763727;-12,25976164;-4,169640649
11/03/2020 19:00;-1,605015336;-5,997233716;-3,994984298
11/03/2020 20:00;0,781557847;-6,811730218;-4,880757284
11/03/2020 21:00;-3,890666962;-4,794554576;-7,558245897
11/03/2020 22:00;-5,289793944;-4,887252344;-1,538522274
11/03/2020 23:00;-5,16319837;-4,941677322;-5,419173911
12/03/2020 00:00;1,999986181;5,181615882;4,695666359
12/03/2020 01:00;-2,86804553;-2,671884192;-1,470106931
12/03/2020 02:00;-2,480661333;-5,651916686;-1,888737268
12/03/2020 03:00;-7,286278262;-9,688397814;-7,643185268
12/03/2020 04:00;-5,242505337;-11,80067488;-7,197242342
12/03/2020 05:00;-5,616140274;-10,06808891;-6,994515549
12/03/2020 06:00;-6,282610111;-9,181398751;-6,945450225
12/03/2020 07:00;-4,848968179;-6,374387193;-4,787036579
12/03/2020 08:00;-7,512821662;-11,15325733;-5,816901387
12/03/2020 09:00;-8,587767119;-12,85616741;-6,279750915
12/03/2020 10:00;-5,533878123;-11,01412508;-7,890399866
12/03/2020 11:00;-6,423987571;-11,97596916;-8,374732122
12/03/2020 12:00;-4,955454954;-17,08003093;-15,07947506
12/03/2020 13:00;-11,41539118;-17,30949599;-10,79746701
12/03/2020 14:00;-6,908675116;-11,78618119;-6,921520004
12/03/2020 15:00;-12,73120881;-15,77293653;-8,403169534
12/03/2020 16:00;-6,95669584;-10,88630625;-3,448071377
12/03/2020 17:00;-2,730178409;-7,075540938;-3,257060426
12/03/2020 18:00;-2,906381043;-5,718570263;-1,97991876
12/03/2020 19:00;-8,380324201;-14,22852535;-8,847907928
12/03/2020 20:00;-10,42427027;;
12/03/2020 21:00;-4,107489119;-6,481881948;-7,178731027
12/03/2020 22:00;-2,709710771;-8,574787887;-7,892879487
12/03/2020 23:00;-2,486918161;-4,729649607;-3,720830236
13/03/2020 00:00;-2,661632142;-3,80755467;-4,48768013
13/03/2020 01:00;3,220260812;-2,829329687;-0,264913243
13/03/2020 02:00;;-7,903648547;-1,924618628
13/03/2020 03:00;;-2,332193392;-0,678374148
13/03/2020 04:00;;-11,6578566;
13/03/2020 05:00;-8,193490763;-9,567259381;-7,582703156
13/03/2020 07:00;-10,06061032;-11,04601664;-11,90525721
13/03/2020 08:00;-8,096427041;-9,966567288;-8,213996692
13/03/2020 09:00;-7,932916971;-11,84583119;-8,753960518
13/03/2020 10:00;-7,228932842;-14,82656338;-7,475867217
13/03/2020 11:00;-8,493509222;-14,98444699;-8,025828088
13/03/2020 12:00;-10,49947855;-14,23325698;-8,75253307
13/03/2020 13:00;-9,289099292;-14,36859875;-12,91523292
13/03/2020 14:00;-15,67108383;-17,99837355;-16,62022687
13/03/2020 15:00;-4,869016749;-10,95859393;-15,34295417
13/03/2020 16:00;-4,2539066;-8,272008943;-5,87207059
13/03/2020 17:00;-2,266358169;-6,93086309;-4,599144533
13/03/2020 18:00;-6,205423959;-10,86182865;-4,008607036
13/03/2020 19:00;-3,696966073;-7,641528046;-2,080814678
13/03/2020 20:00;-1,393544652;-3,353099659;-1,615505339
13/03/2020 21:00;-3,699735209;-5,617466691;-4,116573045
13/03/2020 22:00;-1,784275692;-4,474316897;-1,660838774
13/03/2020 23:00;-0,166856505;-0,556762205;-0,298132487
14/03/2020 00:00;-2,374241775;-4,179999537;-3,114120806
14/03/2020 01:00;-4,006451526;-7,334882864;-7,337740492
14/03/2020 02:00;;-9,711642566;
14/03/2020 04:00;;-5,531373359;-10,79027162
14/03/2020 05:00;-7,91924562;-9,904623488;-10,59781288
14/03/2020 06:00;-9,772953619;1,055121112;-9,750757675
14/03/2020 07:00;-7,985126808;-8,469653025;-7,905279099
14/03/2020 08:00;-7,951772957;-10,89346524;-4,593411768
14/03/2020 09:00;-8,052782615;-12,79033054;-10,75893101
14/03/2020 10:00;-9,37568585;-13,3604801;-8,081222721
14/03/2020 11:00;-8,679992939;-8,660067746;-6,107889313
14/03/2020 12:00;-11,71549166;-12,69619707;-10,14419604
14/03/2020 13:00;-8,859893785;-18,96636283;-11,06561672
14/03/2020 14:00;-6,518041227;-12,51593872;-4,364737842
14/03/2020 15:00;-11,86938751;-17,54821675;-9,660695204
14/03/2020 16:00;-6,270185;-14,2233427;-3,565334622
14/03/2020 17:00;-7,501083279;-7,914527911;-2,433717996
14/03/2020 18:00;-0,657776633;-5,699086396;0,373862662
14/03/2020 19:00;-0,781075044;-7,548435438;-2,41508621
14/03/2020 20:00;-4,385448534;-6,437176122;-3,750051692
14/03/2020 21:00;1,376510371;-1,847798395;-1,480419765
14/03/2020 22:00;-2,612813507;-0,572093962;-1,11921029
14/03/2020 23:00;-2,318772125;-4,611007612;-4,32328326
15/03/2020 00:00;-1,370490345;-5,943641814;-4,429565519
15/03/2020 01:00;-5,594037579;-9,439612875;-5,901337102
15/03/2020 02:00;-6,21857283;-8,672458756;-7,533580792
15/03/2020 03:00;-6,212800452;-7,828480227;-5,172038027
15/03/2020 04:00;-4,183465451;-7,23148548;-6,900927706
15/03/2020 05:00;-3,774046677;-7,364396084;-5,601696969
15/03/2020 06:00;-6,633065304;-11,00095548;-10,81575255
15/03/2020 07:00;-14,59438471;-13,53759308;
15/03/2020 08:00;-9,126946878;-11,49900971;-13,28875019
15/03/2020 09:00;-7,684819898;-18,73253751;-9,371762749
15/03/2020 10:00;-10,01905377;-13,02703008;-9,299962419
15/03/2020 11:00;-12,86912329;-17,93335094;-5,761685468
15/03/2020 12:00;-11,92057988;-18,54011641;-9,840221782
15/03/2020 13:00;-5,604084671;-16,78701668;-12,42500174
15/03/2020 14:00;-10,68008155;-14,51690425;-15,24231213
15/03/2020 15:00;-14,72872716;-16,75991464;-14,1689993
15/03/2020 16:00;-12,75192795;-15,85752684;-9,170481389
15/03/2020 17:00;-15,49003349;-17,1248795;-9,669026619
15/03/2020 18:00;-0,008151952;-9,455593217;-4,801683894
15/03/2020 19:00;-5,893991422;-9,717908509;-3,839530133
15/03/2020 20:00;-5,233233528;-9,432553314;-6,761645908
15/03/2020 21:00;-5,381974507;-10,16148396;-5,463415531
15/03/2020 22:00;-6,047464113;-11,67024388;-5,621324749
15/03/2020 23:00;-2,718783381;-8,172113141;-1,812635439
16/03/2020 00:00;-4,5750864;-5,035352293;-3,137329093
16/03/2020 01:00;-4,216889163;-10,7574558;-2,467394703
16/03/2020 02:00;;-17,35164179;-0,641843503
16/03/2020 03:00;;;-10,3878094
16/03/2020 04:00;;;-1,897942569
16/03/2020 07:00;-9,865396919;-10,80716217;-10,51230365
16/03/2020 08:00;-5,772547702;-13,93499336;-7,426233741
16/03/2020 09:00;-4,731144079;-11,04122863;-6,783628513
16/03/2020 10:00;-6,32272768;-12,31411642;-5,900182784
16/03/2020 11:00;-12,90168793;-13,36565044;-4,166008934
16/03/2020 12:00;-8,530886793;-16,87865447;-8,930419286
16/03/2020 13:00;-4,784856914;-16,04596765;-14,24700229
16/03/2020 14:00;-21,44360466;-24,65857186;-13,28094572
16/03/2020 15:00;-15,32879356;-24,06131416;-14,25327166
16/03/2020 16:00;-13,9813826;-17,01386012;-13,177157
16/03/2020 17:00;-13,80754482;-14,43766023;-14,79448693
16/03/2020 18:00;-3,270127051;-8,50134807;-2,957015339
16/03/2020 19:00;-0,620905997;-7,667304867;-4,322359057
16/03/2020 20:00;-2,506266198;-10,95584088;-3,304926149
16/03/2020 21:00;-5,165024418;-9,864194234;-4,309292911
16/03/2020 22:00;-5,149955047;-9,759227735;-4,402860024
16/03/2020 23:00;-4,11041516;-8,201922037;-1,601210655
17/03/2020 00:00;;-9,955518984;-3,915134717
17/03/2020 01:00;;-10,08703202;-3,790275336
17/03/2020 02:00;;-7,669135354;
17/03/2020 07:00;-3,673176639;-12,38510593;-3,084480809
17/03/2020 08:00;-5,627214987;-12,58486577;-5,916899588
17/03/2020 09:00;-5,469528578;-11,45301901;-5,218230474
17/03/2020 10:00;-6,678138336;-14,22562924;-8,992816992
17/03/2020 11:00;-7,984660605;-10,88190871;-9,378903409
17/03/2020 12:00;-8,698932015;-14,57667292;-10,21269468
17/03/2020 13:00;-11,62123094;-16,87871139;-13,26793366
17/03/2020 14:00;-6,367731015;-16,63598903;-11,05361357
17/03/2020 15:00;-7,163260548;-16,1053808;-7,825658278
17/03/2020 16:00;-4,771144587;-9,140774509;-6,273736729
17/03/2020 17:00;-4,478972283;-8,437330737;-4,41852086
17/03/2020 18:00;-4,335064215;2,921175175;-7,961141868
17/03/2020 19:00;-1,493225854;-6,782632444;-0,411065209
17/03/2020 20:00;-1,311238863;-6,618224546;-7,289090193
17/03/2020 21:00;-1,153118196;-11,48064031;-2,119196151
17/03/2020 22:00;-0,176779376;-7,804126568;-3,92969291
17/03/2020 23:00;1,397892904;-4,964841153;-1,659085079
18/03/2020 00:00;-1,103879119;-5,896093126;-0,680017281
18/03/2020 01:00;-2,328860241;-6,786713577;-0,949572249
18/03/2020 02:00;-3,44210914;-8,616498058;-4,882006286
18/03/2020 03:00;;;-11,27289882
18/03/2020 04:00;;-8,722506468;-4,48867383
18/03/2020 07:00;-6,952919211;-11,01943858;
18/03/2020 08:00;-7,682167985;-12,72226081;-7,535717332
18/03/2020 09:00;-4,315608351;-12,37434813;-6,990886525
18/03/2020 10:00;-9,298879164;-12,18701483;-10,37579219
18/03/2020 11:00;-5,806382771;-12,63651257;-12,85056653
18/03/2020 12:00;-5,990418562;-10,84931494;-8,189386139
18/03/2020 13:00;-5,729631351;-14,1600815;-8,050885598
18/03/2020 14:00;-8,061782667;-27,2759375;-16,35040616
18/03/2020 15:00;-8,486457744;-16,75421663;-13,34888504
18/03/2020 16:00;-10,35278771;-13,22829634;-11,52157391
18/03/2020 17:00;2,496554778;-5,64692299;-1,092979756
18/03/2020 18:00;-1,173264271;-3,842171964;1,363749442
18/03/2020 19:00;-1,682772332;-4,045747036;-3,340112975
18/03/2020 20:00;-5,314401509;-7,138018787;-2,198061747
18/03/2020 21:00;-1,951278405;-9,242103386;-7,443448515
18/03/2020 22:00;-3,730033112;-11,65104973;-0,104025348
19/03/2020 08:00;-18,09690325;-17,76870343;
19/03/2020 09:00;-7,060785048;-13,78645601;-11,81339832
19/03/2020 10:00;-8,760093267;-13,18029653;-8,044942182
19/03/2020 11:00;-7,915062467;-11,20908887;-7,743149885
19/03/2020 12:00;-8,618696526;-12,85254233;-11,991583
19/03/2020 14:00;-8,844338043;-8,754145873;-2,487490725
19/03/2020 15:00;-6,858050556;-12,02081677;-7,402437238
19/03/2020 16:00;-12,94832268;-17,20968395;-8,806099361
19/03/2020 17:00;-7,241823221;-13,03287617;-5,432818108
19/03/2020 18:00;-4,052968534;-9,218047121;-6,719397599
19/03/2020 19:00;-6,410416756;-7,600267485;-0,418726095
19/03/2020 21:00;;-9,852494917;
20/03/2020 01:00;;-19,9585498;
20/03/2020 02:00;-4,957684237;-17,90434968;-7,340668548
20/03/2020 03:00;-3,381394934;-8,773267588;
20/03/2020 05:00;;-18,5307482;
20/03/2020 07:00;-11,73081557;-18,44324378;-7,532932872
20/03/2020 08:00;-10,26476602;-14,55666709;-13,49147477
20/03/2020 09:00;-6,70867862;-15,49326913;-6,463077537
20/03/2020 10:00;-4,15336188;-7,255235764;-3,68319815
20/03/2020 11:00;-9,475441924;-12,76563337;-6,425943256
20/03/2020 12:00;-5,471684155;-10,88794128;-7,674051157
20/03/2020 13:00;-10,03164202;-15,99576434;-10,39079005
20/03/2020 14:00;-9,523565158;-19,37594663;-12,04064637
20/03/2020 15:00;-14,1155194;-20,0364808;-13,34170215
20/03/2020 16:00;-2,95730666;-12,49282587;-9,074471101
20/03/2020 17:00;-7,703109644;-12,17095705;-10,95200146
20/03/2020 18:00;-8,217246361;-12,59560077;-10,58607243
20/03/2020 23:00;-11,22633084;-11,57797979;-11,6967789
21/03/2020 00:00;-9,437104048;-10,68165547;-8,509705835
21/03/2020 01:00;-13,72335515;-10,46489783;5,27412544
21/03/2020 10:00;-12,91607115;-20,4193083;-9,705163263
21/03/2020 11:00;-12,35806401;-13,84291122;-8,948227457
21/03/2020 12:00;-7,417636972;-11,79460788;-11,50810275
21/03/2020 13:00;-7,410840873;-11,04601522;-8,439341072
21/03/2020 14:00;-6,375558379;-10,45859423;-10,33517814
21/03/2020 15:00;-8,870754402;-14,1377769;-8,855141147
21/03/2020 16:00;-5,750351204;-9,460065205;-3,244640925
21/03/2020 17:00;-8,863815549;-10,24798998;-6,960950438
21/03/2020 18:00;-4,02119994;-9,600845849;-3,293344374
21/03/2020 19:00;-3,900850588;-10,05291577;-1,115058172
21/03/2020 21:00;-11,57953018;-16,30425224;
21/03/2020 22:00;-18,6701713;;
22/03/2020 02:00;-6,443248793;-15,74504005;
22/03/2020 07:00;;-25,55802431;
22/03/2020 08:00;-9,755178652;-17,61111474;
22/03/2020 09:00;-9,242504297;-16,93406769;-10,58054434
22/03/2020 10:00;-14,52239859;-12,42866951;-13,15372932
22/03/2020 11:00;-13,15223748;-18,87603687;-10,91974105
22/03/2020 12:00;-14,6190988;-14,82736965;-8,067013846
22/03/2020 13:00;-16,42876831;-18,1890554;-13,37231038
22/03/2020 14:00;-12,39560438;-13,09686102;-8,152923345
22/03/2020 15:00;-6,553742604;-9,504524314;-20,21002565
22/03/2020 16:00;-8,639910891;-23,132805;
22/03/2020 17:00;;-17,78485723;-9,858590841
22/03/2020 18:00;-3,057365779;-12,98878898;-0,592537041
22/03/2020 20:00;-6,200004648;-17,86401465;-4,030112626
22/03/2020 21:00;-1,720434448;-12,48142521;0,067376927
22/03/2020 22:00;-4,418789792;-13,57552106;-6,039598293
22/03/2020 23:00;-5,338456593;-13,13595584;-1,917014083
23/03/2020 00:00;-4,281358137;-14,66565654;-5,949194342
23/03/2020 01:00;-3,643707493;-14,8742959;-3,080921815
23/03/2020 02:00;-4,694516358;-14,03509117;-6,703641936
23/03/2020 03:00;-3,30643532;-10,61165944;-3,109369957
23/03/2020 04:00;-6,679899339;-13,22734031;-7,295405147
23/03/2020 05:00;-5,871223681;-11,84986377;-6,843205026
23/03/2020 06:00;-7,674418487;-10,21280039;-6,181859116
23/03/2020 07:00;-5,530315863;-13,01511574;-6,620588639
23/03/2020 08:00;-5,201389052;-16,23125964;-7,777530642
23/03/2020 09:00;-9,080706021;-14,15001795;-6,785088266
23/03/2020 10:00;-12,68030238;-16,85433145;-12,25594305
23/03/2020 11:00;-13,0136206;-13,5816656;-14,16125597
23/03/2020 12:00;-8,791764823;-12,68581276;-9,720744435
